000000000000000000000000
000000000000111100000000
000000000111000010000000
000000001100000010000000
000000011000011111100000
000000110001111111110000
000000110111000001100000
000001111110001011000000
000001101110001011100000
000001101111000000010000
000001100110010000010000
000000100000111100111000
000000011100001111100000
000000011110000010000000
000000100111111100000000
000001100111100110100000
000001000100110011010000
000011001000011011010000
000011011000001001100000
000011001100011111100000
000001111111100110100000
000001111111111111100000
000000111111111111110000
000000111111111111011000
000001111111111110001000
000001101111001100010000
000000100111000100100000
000000011111100111000000
000000001111000010000000
000000000000000000000000
